*** Online Results *** 
Net accuracy: 76139/89822 = 0.847665382646
Facade: 6850/12092 = 0.566490241482
Veg: 2066/8322 = 0.248257630377
Pole: 37/1429 = 0.0258922323303
Wire: 28/818 = 0.0342298288509
Ground: 67158/67161 = 0.999955331219

*** Held-out Results *** 
Net accuracy: 18701/36397 = 0.513806082919
Facade: 1709/4702 = 0.363462356444
Veg: 2907/14135 = 0.20565970994
Pole: 0/1086 = 0.0
Wire: 0/2389 = 0.0
Ground: 14085/14085 = 1.0
