*** Online Results *** 
Net accuracy: 84779/89822 = 0.943855625571
Facade: 10647/12092 = 0.880499503804
Veg: 7226/8322 = 0.868300889209
Pole: 1191/1429 = 0.83344996501
Wire: 190/818 = 0.232273838631
Ground: 65525/67161 = 0.975640624767

*** Held-out Results *** 
Net accuracy: 28967/36397 = 0.795862296343
Facade: 3789/4702 = 0.805827307529
Veg: 9058/14135 = 0.640820657941
Pole: 750/1086 = 0.690607734807
Wire: 1306/2389 = 0.546672247802
Ground: 14064/14085 = 0.998509052183
