*** Online Results *** 
Net accuracy: 88389/200000 = 0.441945
Facade: 13284/40200 = 0.330447761194
Veg: 9475/39709 = 0.238610894256
Pole: 15520/40059 = 0.387428542899
Wire: 10512/40189 = 0.261564109582
Ground: 39598/39843 = 0.993850864644

*** Held-out Results *** 
Net accuracy: 17667/36397 = 0.485397148117
Facade: 3582/4702 = 0.761803487877
Veg: 0/14135 = 0.0
Pole: 0/1086 = 0.0
Wire: 0/2389 = 0.0
Ground: 14085/14085 = 1.0
